b1c2-x.-5%	-88.1006099998558	0	0	0.4717463188098725	0	-0.47174631880987267	0	0	0	0	0.	0.	0.	0.	0.	0.
b1c2-x.-4%	-88.51475999995273	0	0	0.47670152705112023	0	-0.4767015270511203	0	0	0	0	0.	0.	0.	0.	0.	0.
b1c2-x.-3%	-88.84747999991305	0	0	0.4816675932131269	0	-0.4816678686527997	0	0	0	0	0.	0.	0.	0.	0.	0.
b1c2-x.-2%	-89.07834000001458	0	0	0.48662402682619604	0	-0.48662311687923243	0	0	0	0	0.	0.	0.	0.	0.	0.
b1c2-x.-1%	-89.22551999989992	0	0	0.4916088262251585	0	-0.4916093873004108	0	0	0	0	0.	0.	0.	0.	0.	0.
b1c2-x.0%	-89.27591999986362	0	0	0.4965691824659293	0	-0.496569182465929	0	0	0	0	0.	0.	0.	0.	0.	0.
b1c2-x.1%	-89.22467999991568	0	0	0.5015265420486106	0	-0.5015277804918651	0	0	0	0	0.	0.	0.	0.	0.	0.
b1c2-x.2%	-89.0586099999382	0	0	0.5064892439009933	0	-0.506492412372181	0	0	0	0	0.	0.	0.	0.	0.	0.
b1c2-x.3%	-88.79828999988604	0	0	0.51147046024244	0	-0.5114704602424399	0	0	0	0	0.	0.	0.	0.	0.	0.
b1c2-x.4%	-88.43241999989004	0	0	0.5164360000572991	0	-0.516436000057299	0	0	0	0	0.	0.	0.	0.	0.	0.
b1c2-x.5%	-87.94628999999077	0	0	0.521391538867071	0	-0.5213941486498676	0	0	0	0	0.	0.	0.	0.	0.	0.
b2c2-x.-5%	-145.69343999983175	0	0.	0	0.673482366710831	0.6276312620164743	0	0	0	0	0.	0.	0.	0.	0.	0.
b2c2-x.-4%	-146.2181800000053	0	0.	0	0.6805589172876382	0.6342273593708043	0	0	0	0	0.	0.	0.	0.	0.	0.
b2c2-x.-3%	-146.633379999912	0	0.	0	0.6876579502082345	0.6408422636894074	0	0	0	0	0.	0.	0.	0.	0.	0.
b2c2-x.-2%	-146.9271599999047	0	0.	0	0.6947552170392709	0.6474370824191126	0	0	0	0	0.	0.	0.	0.	0.	0.
b2c2-x.-1%	-147.1167699999114	0	0.	0	0.7018416277099722	0.6540423847152147	0	0	0	0	0.	0.	0.	0.	0.	0.
b2c2-x.0%	-147.18521999998302	0	0.	0	0.7089278411687552	0.6606586057568763	0	0	0	0	0.	0.	0.	0.	0.	0.
b2c2-x.1%	-147.12759999997616	0	0.	0	0.7160148469319202	0.6672529676369908	0	0	0	0	0.	0.	0.	0.	0.	0.
b2c2-x.2%	-146.9357299999956	0	0.	0	0.7231018253759516	0.6738697345161992	0	0	0	0	0.	0.	0.	0.	0.	0.
b2c2-x.3%	-146.6280199999801	0	0.	0	0.730187348110227	0.6804749826681171	0	0	0	0	0.	0.	0.	0.	0.	0.
b2c2-x.4%	-146.18206999989525	0	0.	0	0.73728352341205	0.6870695347806826	0	0	0	0	0.	0.	0.	0.	0.	0.
b2c2-x.5%	-145.5987299998469	0	0.	0	0.7443602005338753	0.693685455908004	0	0	0	0	0.	0.	0.	0.	0.	0.
c1c2-x.-5%	-111.06876999997439	0	0	0	0	0.6641175076169061	0.6641175076169061	0	0	0	0.	0.	0.	0.	0.	0.
c1c2-x.-4%	-111.6186099998231	0	0	0	0	0.6710901981466622	0.6710901981466622	0	0	0	0.	0.	0.	0.	0.	0.
c1c2-x.-3%	-112.04028999986804	0	0	0	0	0.6780857311418205	0.6780857311418205	0	0	0	0.	0.	0.	0.	0.	0.
c1c2-x.-2%	-112.34708999995746	0	0	0	0	0.6850825093015555	0.6850825093015555	0	0	0	0.	0.	0.	0.	0.	0.
c1c2-x.-1%	-112.55490999997164	0	0	0	0	0.6920537008691893	0.6920537008691894	0	0	0	0.	0.	0.	0.	0.	0.
c1c2-x.0%	-112.61362999994162	0	0	0	0	0.6990504607217176	0.6990504607217176	0	0	0	0.	0.	0.	0.	0.	0.
c1c2-x.1%	-112.55118999997649	0	0	0	0	0.7060473942566534	0.7060473942566534	0	0	0	0.	0.	0.	0.	0.	0.
c1c2-x.2%	-112.34313999989354	0	0	0	0	0.7130185931343631	0.7130185931343631	0	0	0	0.	0.	0.	0.	0.	0.
c1c2-x.3%	-111.98375999993004	0	0	0	0	0.7200262118016003	0.7200262118016003	0	0	0	0.	0.	0.	0.	0.	0.
c1c2-x.4%	-111.50204000000485	0	0	0	0	0.7270224007592034	0.7270224007592033	0	0	0	0.	0.	0.	0.	0.	0.
c1c2-x.5%	-110.87051999993491	0	0	0	0	0.7340056847584663	0.7340056847584663	0	0	0	0.	0.	0.	0.	0.	0.
c2-x.-5%	-69.39040999986901	0	0	0	0	0	0.785894166929549	0	0	0	0.	0.	0.	0.	0.	0.
c2-x.-4%	-69.83531999981096	0	0	0	0	0	0.7941606460435547	0	0	0	0.	0.	0.	0.	0.	0.
c2-x.-3%	-70.1741199998196	0	0	0	0	0	0.8024237072342523	0	0	0	0.	0.	0.	0.	0.	0.
c2-x.-2%	-70.42966999983946	0	0	0	0	0	0.8106938349955584	0	0	0	0.	0.	0.	0.	0.	0.
c2-x.-1%	-70.57278999991468	0	0	0	0	0	0.8189821054266093	0	0	0	0.	0.	0.	0.	0.	0.
c2-x.0%	-70.62932999997429	0	0	0	0	0	0.8272522111144265	0	0	0	0.	0.	0.	0.	0.	0.
c2-x.1%	-70.56307999982891	0	0	0	0	0	0.8355316527087991	0	0	0	0.	0.	0.	0.	0.	0.
c2-x.2%	-70.37438999986989	0	0	0	0	0	0.8438111854139537	0	0	0	0.	0.	0.	0.	0.	0.
c2-x.3%	-70.09121999999479	0	0	0	0	0	0.8520621463426153	0	0	0	0.	0.	0.	0.	0.	0.
c2-x.4%	-69.67970999994577	0	0	0	0	0	0.8603388165757435	0	0	0	0.	0.	0.	0.	0.	0.
c2-x.5%	-69.15127999991455	0	0	0	0	0	0.8686096674316658	0	0	0	0.	0.	0.	0.	0.	0.
a2b2c2-x.-5%	-388.1399999997939	0	-0.9533677049127048	0	0.9534609910463591	0.953384459315731	0	0	0	0	0.	0.	0.	0.	0.	0.
a2b2c2-x.-4%	-391.3277399999515	0	-0.9634051964516547	0	0.9635069051212922	0.9634152410173669	0	0	0	0	0.	0.	0.	0.	0.	0.
a2b2c2-x.-3%	-393.85808999986693	0	-0.9734374244993185	0	0.9735523555654181	0.9734597233789493	0	0	0	0	0.	0.	0.	0.	0.	0.
a2b2c2-x.-2%	-395.72187999988273	0	-0.9834695091752265	0	0.9835777953517435	0.9834875705261134	0	0	0	0	0.	0.	0.	0.	0.	0.
a2b2c2-x.-1%	-396.86516999995547	0	-0.9935166259523768	0	0.9936167305198391	0.9935262408308859	0	0	0	0	0.	0.	0.	0.	0.	0.
a2b2c2-x.0%	-397.27577999997266	0	-1.0035519162006077	0	1.003663448526101	1.0035721930404786	0	0	0	0	0.	0.	0.	0.	0.	0.
a2b2c2-x.1%	-396.9160199999351	0	-1.0135940804456653	0	1.013704202508475	1.0136106189413745	0	0	0	0	0.	0.	0.	0.	0.	0.
a2b2c2-x.2%	-395.8040099998925	0	-1.023624551677976	0	1.0237445270483345	1.0236443786725207	0	0	0	0	0.	0.	0.	0.	0.	0.
a2b2c2-x.3%	-393.91091999982564	0	-1.0336597817693292	0	1.033769184072731	1.0336795795239224	0	0	0	0	0.	0.	0.	0.	0.	0.
a2b2c2-x.4%	-391.1947899998722	0	-1.043702178880137	0	1.043805422408842	1.0437090394790423	0	0	0	0	0.	0.	0.	0.	0.	0.
a2b2c2-x.5%	-387.6234699998804	0	-1.053736877707627	0	1.0538381876323353	1.0537466284821178	0	0	0	0	0.	0.	0.	0.	0.	0.
